--- Terminal on /dev/ttyACM0 | 115200 8-N-1
--- Available filters and text transformations: colorize, debug, default, direct, esp32_exception_decoder, hexlify, log2file, nocontrol, printable, send_on_enter, time
--- More details at https://bit.ly/pio-monitor-filters
--- Quit: Ctrl+C | Menu: Ctrl+T | Help: Ctrl+T followed by Ctrl+H
ets Jul 29 2019 12:21:46

rst:0x1 (POWERON_RESET),boot:0x13 (SPI_FAST_FLASH_BOOT)
configsip: 0, SPIWP:0xee
clk_drv:0x00,q_drv:0x00,d_drv:0x00,cs0_drv:0x00,hd_drv:0x00,wp_drv:0x00
mode:DIO, clock div:2
load:0x3fff0030,len:1184
load:0x40078000,len:13232
load:0x40080400,len:3028
entry 0x400805e4
0.295 0.00 0.00 0.00
0.473 0.00 0.00 0.00
0.463 0.00 0.00 0.00
0.378 0.00 0.00 0.00
0.376 0.00 0.00 0.00
0.366 0.00 0.00 0.00
0.275 0.00 0.00 0.00
0.293 0.00 0.00 0.00
0.330 0.00 0.00 0.00
0.341 0.00 0.00 0.00
0.375 0.00 0.00 0.00
0.380 0.00 0.00 0.00
0.359 0.00 0.00 0.00
0.347 0.00 0.00 0.00
0.361 0.00 0.00 0.00
0.351 0.00 0.00 0.00
0.307 0.00 0.00 0.00
0.316 0.00 0.00 0.00
0.372 0.00 0.00 0.00
0.465 0.00 0.00 0.00
0.222 0.00 0.00 0.00
0.223 0.00 0.00 0.00
0.207 0.00 0.00 0.00
0.197 0.00 0.00 0.00
0.202 0.00 0.00 0.00
0.269 0.01 0.00 0.00
0.342 0.01 0.00 0.00
0.408 0.01 0.00 0.00
0.196 0.01 0.00 0.00
0.210 0.03 0.00 0.00
-0.374 0.03 0.00 0.00
0.214 0.03 0.00 0.00
0.212 0.03 0.00 0.00
0.083 0.04 0.00 0.00
0.083 0.00 0.00 0.00
0.083 0.00 0.00 0.00
0.080 0.02 0.00 0.00
0.285 0.02 0.00 0.00
0.309 0.02 0.00 0.00
0.318 0.02 0.00 0.00
0.315 0.02 0.00 0.00
0.319 0.02 0.00 0.00
0.323 0.02 0.00 0.00
0.325 0.02 0.00 0.00
0.326 0.02 0.00 0.00
0.327 0.02 0.00 0.00
0.329 0.02 0.00 0.00
0.330 0.02 0.00 0.00
0.331 0.02 0.00 0.00
0.333 0.02 0.00 0.00
0.333 0.02 0.00 0.00
0.332 0.02 0.00 0.00
0.329 0.02 0.00 0.00
0.328 0.02 0.00 0.00
0.329 0.02 0.00 0.00
-3.832 0.02 0.00 0.00
-0.932 0.02 0.00 0.00
-1.024 0.02 0.00 0.00
-0.587 0.02 0.00 0.00
-0.264 0.02 0.00 0.00
0.064 0.02 0.00 0.00
0.106 0.02 0.00 0.00
0.031 0.02 0.00 0.00
-0.728 0.02 0.00 0.00
-0.125 0.02 0.00 0.00
0.420 -0.24 -0.00 0.00
0.438 -0.18 -0.00 0.00
0.434 -0.20 -0.00 0.00
0.425 -0.30 -0.00 0.00
0.338 -0.54 -0.00 0.00
0.296 -0.85 -0.00 0.00
0.290 -0.85 -0.01 0.00
0.289 -0.57 -0.01 0.00
0.281 0.07 -0.01 0.00
0.277 -0.50 -0.01 0.00
0.272 -1.14 -0.00 0.00
0.270 -1.83 -0.00 0.00
0.269 -3.53 0.00 -0.00
0.272 -4.70 0.01 -0.00
0.275 -4.02 0.00 -0.00
0.272 -4.12 0.01 -0.00
0.272 -4.12 0.01 -0.00
0.274 -4.13 0.01 -0.00
0.274 -4.15 0.01 -0.00
0.274 -4.14 0.01 -0.00
0.273 -4.13 0.01 -0.00
0.273 -4.13 0.01 -0.00
0.273 -4.13 0.01 -0.00
0.273 -4.13 0.01 -0.00
0.273 -4.13 0.01 -0.00
0.273 -4.13 0.01 -0.00
0.273 -4.13 0.01 -0.00
0.273 -4.13 0.01 -0.00
0.273 -4.13 0.01 -0.00
0.273 -4.13 0.01 -0.00
0.273 -4.13 0.01 -0.00
0.273 -4.13 0.01 -0.00
0.273 -4.13 0.01 -0.00
0.273 -4.13 0.01 -0.00
0.273 -4.13 0.01 -0.00
0.273 -4.13 0.01 -0.00
0.273 -4.13 0.01 -0.00
0.273 -4.13 0.01 -0.00
0.273 -4.13 0.01 -0.00
0.273 -4.13 0.01 -0.00
0.273 -4.13 0.01 -0.00
0.273 -4.13 0.01 -0.00
0.273 -4.13 0.01 -0.00
0.273 -4.13 0.01 -0.00
0.273 -4.13 0.01 -0.00
0.273 -4.13 0.01 -0.00
0.273 -4.13 0.01 -0.00
0.273 -4.13 0.01 -0.00
0.273 -4.13 0.01 -0.00
0.273 -4.13 0.01 -0.00
0.273 -4.13 0.01 -0.00
0.273 -4.13 0.01 -0.00
0.273 -4.13 0.01 -0.00
0.273 -4.13 0.01 -0.00
0.273 -4.13 0.01 -0.00
0.273 -4.13 0.01 -0.00
0.273 -4.13 0.01 -0.00
0.273 -4.13 0.01 -0.00
0.273 -4.13 0.01 -0.00
0.273 -4.13 0.01 -0.00
0.273 -4.13 0.01 -0.00
0.273 -4.13 0.01 -0.00
0.273 -4.13 0.01 -0.00
0.273 -4.13 0.01 -0.00
0.273 -4.13 0.01 -0.00
0.273 -4.13 0.01 -0.00
0.273 -4.13 0.01 -0.00
0.273 -4.13 0.01 -0.00
0.273 -4.13 0.01 -0.00
0.273 -4.13 0.01 -0.00
0.273 -4.13 0.01 -0.00
0.273 0.00 0.00 0.00
0.273 0.00 0.00 0.00
0.273 0.00 0.00 0.00
0.273 0.00 0.00 0.00
0.273 0.00 0.00 0.00
0.273 0.00 0.00 0.00
0.273 0.00 0.00 0.00
0.273 0.00 0.00 0.00
0.273 0.00 0.00 0.00
0.273 0.00 0.00 0.00
0.273 0.00 0.00 0.00
0.273 0.00 0.00 0.00
0.273 0.00 0.00 0.00
0.273 0.00 0.00 0.00
0.273 0.00 0.00 0.00
0.273 0.00 0.00 0.00
0.273 0.00 0.00 0.00
0.273 0.00 0.00 0.00
0.273 0.00 0.00 0.00
0.273 0.00 0.00 0.00
0.273 0.00 0.00 0.00
0.273 0.00 0.00 0.00
0.273 0.00 0.00 0.00
0.273 0.00 0.00 0.00
0.273 0.00 0.00 0.00
0.273 0.00 0.00 0.00
0.273 0.00 0.00 0.00
0.273 0.00 0.00 0.00
0.273 0.00 0.00 0.00
0.273 0.00 0.00 0.00
0.273 0.00 0.00 0.00
0.273 0.00 0.00 0.00
0.273 0.00 0.00 0.00
0.273 0.00 0.00 0.00
0.273 0.00 0.00 0.00
0.273 0.00 0.00 0.00
0.273 0.00 0.00 0.00
0.273 0.00 0.00 0.00
0.273 0.00 0.00 0.00
0.273 0.00 0.00 0.00
0.273 0.00 0.00 0.00
0.273 0.00 0.00 0.00
0.273 0.00 0.00 0.00
0.273 0.00 0.00 0.00
0.273 0.00 0.00 0.00
0.273 0.00 0.00 0.00
0.273 0.00 0.00 0.00
0.273 0.00 0.00 0.00
0.273 0.00 0.00 0.00
0.273 0.00 0.00 0.00
0.273 0.00 0.00 0.00
0.273 0.00 0.00 0.00
0.273 0.00 0.00 0.00
0.273 0.00 0.00 0.00
0.273 0.00 0.00 0.00
0.273 0.00 0.00 0.00
0.273 0.00 0.00 0.00
0.273 0.00 0.00 0.00
0.273 0.00 0.00 0.00
0.273 0.00 0.00 0.00
0.273 0.00 0.00 0.00
0.273 0.00 0.00 0.00
0.273 0.00 0.00 0.00
0.273 0.00 0.00 0.00
0.273 0.00 0.00 0.00
0.273 0.00 0.00 0.00
0.273 0.00 0.00 0.00
0.273 0.00 0.00 0.00
0.273 0.01 0.00 0.00
0.273 0.01 0.00 0.00
0.273 0.01 0.00 0.00
0.273 0.01 0.00 0.00
0.273 0.01 0.00 0.00
0.273 0.01 0.00 0.00
0.273 0.01 0.00 0.00
0.273 0.01 0.00 0.00
0.273 0.01 0.00 0.00
0.273 0.00 0.00 0.00
0.273 0.00 0.00 0.00
0.273 0.00 0.00 0.00
0.273 0.00 0.00 0.00
0.273 0.01 0.00 0.00
0.273 0.00 0.00 0.00
0.273 0.00 0.00 0.00
0.273 0.25 -0.01 -0.00
0.273 0.33 -0.01 -0.00
0.272 0.35 -0.02 -0.00
0.271 0.39 -0.02 -0.00
0.270 0.42 -0.03 -0.00
0.271 0.46 -0.04 -0.00
0.271 0.47 -0.04 -0.00
0.272 0.48 -0.05 -0.00
0.273 0.50 -0.06 -0.00
0.274 0.52 -0.06 -0.00
0.274 0.53 -0.07 -0.00
0.272 0.56 -0.08 -0.00
0.272 0.65 -0.08 -0.00
0.271 0.69 -0.09 -0.00
0.270 0.76 -0.10 -0.00
0.271 0.80 -0.10 -0.00
0.271 0.81 -0.11 -0.00
0.272 0.81 -0.12 -0.00
0.272 0.84 -0.12 -0.00
0.272 0.83 -0.13 -0.00
0.272 0.85 -0.14 -0.00
0.271 0.86 -0.14 -0.00
0.270 0.91 -0.15 -0.00
0.270 0.96 -0.16 -0.00
0.269 0.99 -0.16 -0.00
0.269 1.02 -0.17 -0.00
0.271 1.06 -0.18 -0.00
0.272 1.09 -0.18 -0.00
0.272 1.13 -0.19 -0.00
0.273 1.17 -0.20 -0.00
0.274 1.20 -0.20 -0.00
0.274 1.21 -0.21 -0.00
0.273 1.24 -0.22 -0.00
0.272 1.27 -0.22 -0.00
0.271 1.34 -0.23 -0.00
0.270 1.34 -0.24 -0.00
0.270 1.34 -0.24 -0.00
0.272 1.37 -0.25 -0.00
0.272 1.36 -0.26 -0.00
0.272 1.39 -0.26 -0.00
0.274 1.39 -0.27 -0.00
0.274 1.42 -0.27 -0.00
0.273 1.48 -0.28 -0.00
0.273 1.53 -0.29 -0.00
0.272 1.60 -0.29 -0.00
0.272 1.65 -0.30 -0.00
0.272 1.69 -0.31 -0.01
0.273 1.72 -0.31 -0.01
0.274 1.74 -0.32 -0.01
0.274 1.75 -0.33 -0.01
0.276 1.74 -0.33 -0.01
0.276 1.74 -0.34 -0.01
0.275 1.76 -0.35 -0.01
0.274 1.79 -0.35 -0.01
0.273 1.81 -0.36 -0.01
0.272 1.87 -0.37 -0.01
0.271 1.88 -0.37 -0.01
0.271 1.96 -0.38 -0.01
0.272 1.98 -0.39 -0.01
0.272 1.97 -0.39 -0.01
0.273 2.02 -0.40 -0.01
0.274 2.05 -0.41 -0.01
0.275 2.07 -0.41 -0.01
0.273 2.09 -0.42 -0.01
0.273 2.09 -0.43 -0.01
0.271 2.11 -0.43 -0.01
0.271 2.13 -0.44 -0.01
0.271 2.15 -0.45 -0.01
0.271 2.18 -0.45 -0.01
0.273 2.16 -0.46 -0.01
0.273 2.23 -0.47 -0.01
0.274 2.22 -0.47 -0.01
0.274 2.25 -0.48 -0.01
0.273 2.25 -0.49 -0.01
0.272 2.32 -0.49 -0.01
0.271 2.36 -0.50 -0.01
0.269 2.38 -0.51 -0.01
0.268 2.41 -0.51 -0.01
0.269 2.43 -0.52 -0.01
0.270 2.44 -0.53 -0.01
0.271 2.41 -0.53 -0.01
0.273 2.42 -0.54 -0.01
0.273 2.39 -0.55 -0.01
0.273 2.41 -0.55 -0.01
0.273 2.41 -0.56 -0.01
0.272 2.44 -0.57 -0.01
0.271 2.49 -0.57 -0.01
0.271 2.51 -0.58 -0.02
0.271 2.56 -0.59 -0.02
0.272 2.60 -0.59 -0.02
0.273 2.58 -0.60 -0.02
0.273 2.61 -0.61 -0.02
0.274 2.64 -0.61 -0.02
0.274 2.64 -0.62 -0.02
0.273 2.64 -0.63 -0.02
0.272 2.65 -0.63 -0.02
0.271 2.66 -0.64 -0.02
0.270 2.70 -0.65 -0.02
0.270 2.73 -0.65 -0.02
0.272 2.74 -0.66 -0.02
0.273 2.74 -0.67 -0.02
0.274 2.75 -0.67 -0.02
0.276 2.79 -0.68 -0.02
0.276 2.78 -0.69 -0.02
0.276 2.81 -0.69 -0.02
0.275 2.85 -0.70 -0.02
0.274 2.86 -0.71 -0.02
0.273 2.89 -0.71 -0.02
0.272 2.89 -0.72 -0.02
0.272 2.89 -0.73 -0.02
0.273 2.89 -0.73 -0.02
0.274 2.89 -0.74 -0.02
0.275 2.88 -0.74 -0.02
0.275 2.87 -0.75 -0.02
0.274 2.88 -0.76 -0.02
0.273 2.91 -0.76 -0.02
0.272 2.92 -0.77 -0.02
0.271 2.95 -0.78 -0.02
0.271 2.99 -0.78 -0.03
0.271 3.06 -0.79 -0.03
0.271 3.07 -0.80 -0.03
0.273 3.06 -0.80 -0.03
0.273 3.05 -0.81 -0.03
0.275 3.05 -0.82 -0.03
0.275 3.04 -0.82 -0.03
0.274 3.02 -0.83 -0.03
0.273 3.00 -0.84 -0.03
0.271 3.00 -0.84 -0.03
0.270 3.06 -0.85 -0.03
0.270 3.11 -0.86 -0.03
0.270 3.11 -0.86 -0.03
0.271 3.14 -0.87 -0.03
0.272 3.18 -0.88 -0.03
0.273 3.20 -0.88 -0.03
0.273 3.18 -0.89 -0.03
0.272 3.20 -0.90 -0.03
0.272 3.22 -0.90 -0.03
0.270 3.25 -0.91 -0.03
0.270 3.26 -0.92 -0.03
0.270 3.30 -0.92 -0.03
0.270 3.32 -0.93 -0.03
0.271 3.34 -0.94 -0.03
0.273 3.34 -0.94 -0.03
0.273 3.33 -0.95 -0.03
0.274 3.32 -0.96 -0.03
0.274 3.35 -0.96 -0.04
0.274 3.38 -0.97 -0.04
0.272 3.41 -0.98 -0.04
0.271 3.43 -0.98 -0.04
0.270 3.48 -0.99 -0.04
0.270 3.54 -1.00 -0.04
0.270 3.59 -1.00 -0.04
0.271 3.59 -1.01 -0.04
0.272 3.59 -1.02 -0.04
0.273 3.57 -1.02 -0.04
0.275 3.58 -1.03 -0.04
0.275 3.56 -1.03 -0.04
0.274 3.56 -1.03 -0.04
0.273 3.56 -1.03 -0.04
0.273 3.56 -1.03 -0.04
0.273 3.56 -1.03 -0.04
0.273 3.56 -1.03 -0.04
0.273 3.56 -1.03 -0.04
0.273 3.56 -1.03 -0.04
0.273 3.56 -1.03 -0.04
0.273 3.56 -1.03 -0.04
0.273 3.56 -1.03 -0.04
0.273 3.56 -1.03 -0.04
0.273 3.56 -1.03 -0.04
0.273 3.56 -1.03 -0.04
0.273 3.56 -1.03 -0.04
0.273 3.56 -1.03 -0.04
0.273 3.56 -1.03 -0.04
0.273 3.56 -1.03 -0.04
0.273 3.56 -1.03 -0.04
0.273 3.56 -1.03 -0.04
0.273 3.56 -1.03 -0.04
0.273 3.56 -1.03 -0.04
0.273 3.56 -1.03 -0.04
0.273 3.56 -1.03 -0.04
0.273 3.56 -1.03 -0.04
0.273 3.56 -1.03 -0.04
0.273 3.56 -1.03 -0.04
0.273 3.56 -1.03 -0.04
0.273 3.56 -1.03 -0.04
0.273 3.56 -1.03 -0.04
